0
32
89
97
294
403
497
498
510
590
592
593
601
610
652
654
660
662
663
664
665
671
672
674
676
677
683
684
693
695
704
706
707
712
713
714
715
721
724
725
727
728
807
858
861
862
881
897
956
1006
1007
1011
1037
1039
1111
1115
1126
1127
1137
1161
1164
1170
1183
1207
1209
1241
1251
1271
1272
1274
1281
1282
1366
1397
1412
1472
1505
1540
1541
1595
1597
1649
1650
1651
1658
1670
1690
1691
1693
1796
1802
1952
2065
2076
2080
2101
2112
2140
2160
2161
2163
2194
2200
2201
2216
2217
2305
2306
2307
2323
2365
2368
2369
2371
2373
2374
2390
2391
2392
2406
2407
2408
2409
2444
2481
2495
2502
2504
2513
2514
2515
2518
2520
2557
2581
2607
2628
2676
2727
2805
3064
3120
3428
3529
3551
3556
3607
3612
3769
3771
3784
3849
3854
3855
3856
3858
3859
3901
3911
3961
3964
3974
4025
4039
4216
